#Mutant z-score-mutability  MFPT  stderr_MFPT
H7D   1.012   54.02105263157895   0.5922429508691022
F94C  -1.657  41.0086776859504	  0.41317187643895104
A99V  0.019   25.888020833333336  0.31731722799366496
L10M  0.639   26.18579418344519	  0.3375106247470366
I21V  0.019   15.179022988505748  0.2796387591174749
V45G  -0.757  17.132768361581924  0.2105495278385231
D85G  -0.757  161.75897435897434  5.031752445054732
I87L  -1.036  21.317194092827005  0.23641370220427174
L90I  0.701   29.963984674329502  0.3767570842712415
I91T  0.732   29.111044176706823  0.39289317659799833
G38S  1.446   140.25783333333328  3.2659996393601176
G39S  1.446   80.31066066066064	  1.053951806704937
S89W  -1.719  92.74078282828283	  0.9065509100440744
D8G   -0.757  76.09070512820514	  0.9185978334669799
K92N  1.880   85.99263285024153	  1.0559369693914877
